rawdata/SBE19plusV2cast36testRBR300124.cnv
* Sea-Bird SBE19plus  Data File:
* FileName = C:\Users\follenfa\Desktop\SBE19plusV2\dataterm\2024\SBE19plusV2cast36testRBR300124.hex
* Software version 2.4.1
* Temperature SN = 6447
* Conductivity SN = 6447
* System UpLoad Time = Jan 30 2024 14:38:05
* <ApplicationData>
* <Seaterm232>
# nquan = 10
# nvalues = 2095                                  
# units = specified
# name 0 = timeJ: Julian Days
# name 1 = tv290C: Temperature [ITS-90, deg C]
# name 2 = flECO-AFL: Fluorescence, WET Labs ECO-AFL/FL [mg/m^3]
# name 3 = par: PAR/Irradiance, Biospherical/Licor
# name 4 = scan: Scan Count
# name 5 = prdE: Pressure, Strain Gauge [psi]
# name 6 = c0mS/cm: Conductivity [mS/cm]
# name 7 = sbeox0ML/L: Oxygen, SBE 43 [ml/l]
# name 8 = turbWETntu0: Turbidity, WET Labs ECO [NTU]
# name 9 = flag:  0.000e+00
# span 0 =  30.373061,  30.379120                 
# span 1 =    10.5147,    10.5246                 
# span 2 =     0.3469,     0.6367                 
# span 3 = 5.6266e+00, 6.7356e+01                 
# span 4 =       1471,       3565                 
# span 5 =      1.474,     11.800                 
# span 6 =  37.270478,  37.334670                 
# span 7 =     6.0339,     6.1095                 
# span 8 =     2.5525,     3.1298                 
# span 9 = 0.0000e+00, 0.0000e+00                 
# interval = seconds: 0.25
# start_time = Jan 30 2024 08:51:05 [Instrument's time stamp, header]
# bad_flag = -9.990e-29
*END*
[from data line 2019]
  30.378903    10.5160     0.4206 5.1798e+01       3490      3.561  37.275493     6.1045     2.7938  0.000e+00
  30.378906    10.5158     0.4156 5.1862e+01       3491      3.612  37.275230     6.1053     2.7929  0.000e+00
  30.378909    10.5155     0.4188 5.1480e+01       3492      3.657  37.275032     6.1045     2.7907  0.000e+00
  30.378912    10.5153     0.4082 5.0591e+01       3493      3.689  37.275494     6.0974     2.8425  0.000e+00
  30.378915    10.5150     0.4110 5.0086e+01       3494      3.710  37.274768     6.0909     2.8419  0.000e+00
  30.378918    10.5150     0.4114 4.9910e+01       3495      3.719  37.274570     6.0862     2.8425  0.000e+00
  30.378921    10.5149     0.4119 5.0192e+01       3496      3.718  37.274570     6.0810     2.8431  0.000e+00
  30.378924    10.5149     0.4774 5.0457e+01       3497      3.709  37.274768     6.0896     2.7556  0.000e+00
  30.378927    10.5150     0.4806 5.0769e+01       3498      3.696  37.275494     6.0884     2.7573  0.000e+00
  30.378929    10.5151     0.4778 5.0778e+01       3499      3.686  37.275692     6.0877     2.7561  0.000e+00
  30.378932    10.5154     0.4760 5.0121e+01       3500      3.681  37.276154     6.0842     2.7564  0.000e+00
  30.378935    10.5153     0.4723 5.0059e+01       3501      3.681  37.276154     6.0895     2.8779  0.000e+00
  30.378938    10.5154     0.4764 5.0254e+01       3502      3.688  37.276418     6.0936     2.8768  0.000e+00
  30.378941    10.5154     0.4746 5.0814e+01       3503      3.697  37.276154     6.0966     2.8771  0.000e+00
  30.378944    10.5154     0.4774 5.0698e+01       3504      3.706  37.276154     6.0969     2.8768  0.000e+00
  30.378947    10.5154     0.4792 5.0787e+01       3505      3.714  37.276616     6.0886     2.8757  0.000e+00
  30.378950    10.5155     0.4137 4.9857e+01       3506      3.717  37.277276     6.0856     2.8556  0.000e+00
  30.378953    10.5153     0.4156 4.9273e+01       3507      3.719  37.277738     6.0888     2.8574  0.000e+00
  30.378955    10.5154     0.4114 5.0130e+01       3508      3.719  37.277738     6.0874     2.8565  0.000e+00
  30.378958    10.5153     0.4169 5.0422e+01       3509      3.718  37.277276     6.0908     2.8568  0.000e+00
  30.378961    10.5154     0.4517 4.9901e+01       3510      3.719  37.277078     6.0868     2.8353  0.000e+00
  30.378964    10.5153     0.4540 4.9577e+01       3511      3.723  37.277738     6.0861     2.8356  0.000e+00
  30.378967    10.5153     0.4577 4.9551e+01       3512      3.729  37.278002     6.0840     2.8353  0.000e+00
  30.378970    10.5153     0.4568 4.9525e+01       3513      3.734  37.277276     6.0833     2.8359  0.000e+00
  30.378973    10.5151     0.4458 4.9351e+01       3514      3.742  37.276814     6.0793     2.7610  0.000e+00
  30.378976    10.5151     0.4508 4.9508e+01       3515      3.749  37.276814     6.0755     2.7625  0.000e+00
  30.378979    10.5151     0.4476 4.9752e+01       3516      3.749  37.277276     6.0711     2.7608  0.000e+00
  30.378981    10.5151     0.4476 4.9866e+01       3517      3.746  37.277078     6.0774     2.7613  0.000e+00
  30.378984    10.5153     0.4041 5.0218e+01       3518      3.738  37.275956     6.0849     2.7430  0.000e+00
  30.378987    10.5154     0.3986 5.0324e+01       3519      3.725  37.276154     6.0845     2.7416  0.000e+00
  30.378990    10.5155     0.4059 4.9954e+01       3520      3.712  37.276616     6.0878     2.7436  0.000e+00
  30.378993    10.5155     0.4018 5.0351e+01       3521      3.699  37.276814     6.0869     2.7418  0.000e+00
  30.378996    10.5157     0.4023 5.1137e+01       3522      3.689  37.276814     6.0850     2.7422  0.000e+00
  30.378999    10.5158     0.3890 5.1625e+01       3523      3.686  37.276616     6.0892     2.6987  0.000e+00
  30.379002    10.5157     0.3872 5.0431e+01       3524      3.688  37.276418     6.0878     2.6999  0.000e+00
  30.379005    10.5158     0.3881 4.9595e+01       3525      3.693  37.275692     6.0866     2.6974  0.000e+00
  30.379008    10.5157     0.3895 4.9708e+01       3526      3.703  37.275230     6.0814     2.6969  0.000e+00
  30.379010    10.5154     0.5112 5.1725e+01       3527      3.709  37.275032     6.0843     2.7393  0.000e+00
  30.379013    10.5154     0.5149 5.2255e+01       3528      3.710  37.274966     6.0834     2.7389  0.000e+00
  30.379016    10.5152     0.5126 5.1362e+01       3529      3.705  37.274570     6.0800     2.7401  0.000e+00
  30.379019    10.5151     0.5135 5.0007e+01       3530      3.691  37.274570     6.0804     2.7393  0.000e+00
  30.379022    10.5151     0.4220 5.0707e+01       3531      3.670  37.275692     6.0807     2.7852  0.000e+00
  30.379025    10.5151     0.4252 5.2773e+01       3532      3.647  37.276418     6.0776     2.7843  0.000e+00
  30.379028    10.5154     0.4275 5.3052e+01       3533      3.624  37.276418     6.0772     2.7849  0.000e+00
  30.379031    10.5154     0.4265 5.2736e+01       3534      3.605  37.277078     6.0801     2.7845  0.000e+00
  30.379034    10.5156     0.4998 5.2838e+01       3535      3.593  37.277540     6.0809     2.7091  0.000e+00
  30.379036    10.5157     0.5067 5.2810e+01       3536      3.589  37.278002     6.0841     2.7100  0.000e+00
  30.379039    10.5159     0.5025 5.2968e+01       3537      3.591  37.278200     6.0850     2.7099  0.000e+00
  30.379042    10.5161     0.5076 5.3202e+01       3538      3.598  37.278200     6.0927     2.7083  0.000e+00
  30.379045    10.5161     0.5089 5.3155e+01       3539      3.607  37.278200     6.0959     2.7096  0.000e+00
  30.379048    10.5160     0.4618 5.2745e+01       3540      3.617  37.278200     6.0979     2.7132  0.000e+00
  30.379051    10.5160     0.4645 5.2523e+01       3541      3.625  37.278662     6.0932     2.7144  0.000e+00
  30.379054    10.5160     0.4613 5.2680e+01       3542      3.630  37.278662     6.0962     2.7132  0.000e+00
  30.379057    10.5160     0.4609 5.2643e+01       3543      3.635  37.279322     6.0932     2.7140  0.000e+00
  30.379060    10.5160     0.4124 5.2090e+01       3544      3.638  37.279322     6.0922     2.7712  0.000e+00
  30.379063    10.5160     0.4137 5.1743e+01       3545      3.641  37.279586     6.0932     2.7711  0.000e+00
  30.379065    10.5160     0.4105 5.1725e+01       3546      3.647  37.279784     6.0943     2.7714  0.000e+00
  30.379068    10.5159     0.4096 5.1616e+01       3547      3.655  37.279784     6.0950     2.7706  0.000e+00
  30.379071    10.5159     0.4659 5.2265e+01       3548      3.664  37.279784     6.0990     2.7651  0.000e+00
  30.379074    10.5158     0.4609 5.2301e+01       3549      3.673  37.279784     6.1019     2.7627  0.000e+00
  30.379077    10.5158     0.4586 5.1480e+01       3550      3.684  37.279586     6.1027     2.7642  0.000e+00
  30.379080    10.5158     0.4609 5.0993e+01       3551      3.690  37.279784     6.1000     2.7637  0.000e+00
  30.379083    10.5158     0.4407 5.1056e+01       3552      3.695  37.279784     6.0964     2.6812  0.000e+00
  30.379086    10.5158     0.4398 5.1716e+01       3553      3.697  37.279784     6.0979     2.6795  0.000e+00
  30.379089    10.5158     0.4380 5.1634e+01       3554      3.696  37.279784     6.0929     2.6807  0.000e+00
  30.379091    10.5159     0.4362 5.0724e+01       3555      3.694  37.279784     6.0915     2.6816  0.000e+00
  30.379094    10.5157     0.4398 5.1065e+01       3556      3.690  37.279586     6.0868     2.6816  0.000e+00
  30.379097    10.5156     0.6367 5.0912e+01       3557      3.686  37.279586     6.0843     2.6578  0.000e+00
  30.379100    10.5155     0.6357 5.1263e+01       3558      3.685  37.279586     6.0863     2.6572  0.000e+00
  30.379103    10.5154     0.6348 5.1770e+01       3559      3.685  37.279322     6.0936     2.6558  0.000e+00
  30.379106    10.5154     0.6353 5.1679e+01       3560      3.685  37.279124     6.0929     2.6566  0.000e+00
  30.379109    10.5154     0.4769 5.1209e+01       3561      3.685  37.279322     6.0942     2.7305  0.000e+00
  30.379112    10.5154     0.4801 5.1209e+01       3562      3.682  37.279124     6.0992     2.7318  0.000e+00
  30.379115    10.5154     0.4755 5.1616e+01       3563      3.678  37.278860     6.1003     2.7312  0.000e+00
  30.379117    10.5154     0.4760 5.2421e+01       3564      3.671  37.278662     6.1006     2.7309  0.000e+00
  30.379120    10.5153     0.5030 5.2810e+01       3565      3.661  37.278464     6.0894     2.7122  0.000e+00
