rawdata/SBE19plusV2cast36testRBR300124.cnv
* Sea-Bird SBE19plus  Data File:
* FileName = C:\Users\follenfa\Desktop\SBE19plusV2\dataterm\2024\SBE19plusV2cast36testRBR300124.hex
* Software version 2.4.1
* Temperature SN = 6447
* Conductivity SN = 6447
* System UpLoad Time = Jan 30 2024 14:38:05
* <ApplicationData>
* <Seaterm232>
# nquan = 10
# nvalues = 2095                                  
# units = specified
# name 0 = timeJ: Julian Days
# name 1 = tv290C: Temperature [ITS-90, deg C]
# name 2 = flECO-AFL: Fluorescence, WET Labs ECO-AFL/FL [mg/m^3]
# name 3 = par: PAR/Irradiance, Biospherical/Licor
# name 4 = scan: Scan Count
# name 5 = prdE: Pressure, Strain Gauge [psi]
# name 6 = c0mS/cm: Conductivity [mS/cm]
# name 7 = sbeox0ML/L: Oxygen, SBE 43 [ml/l]
# name 8 = turbWETntu0: Turbidity, WET Labs ECO [NTU]
# name 9 = flag:  0.000e+00
# span 0 =  30.373061,  30.379120                 
# span 1 =    10.5147,    10.5246                 
# span 2 =     0.3469,     0.6367                 
# span 3 = 5.6266e+00, 6.7356e+01                 
# span 4 =       1471,       3565                 
# span 5 =      1.474,     11.800                 
# span 6 =  37.270478,  37.334670                 
# span 7 =     6.0339,     6.1095                 
# span 8 =     2.5525,     3.1298                 
# span 9 = 0.0000e+00, 0.0000e+00                 
# interval = seconds: 0.25
# start_time = Jan 30 2024 08:51:05 [Instrument's time stamp, header]
# bad_flag = -9.990e-29
*END*
[from data line 1874]
  30.378484    10.5161     0.4696 4.7930e+01       3345      3.725  37.282952     6.0831     2.8036  0.000e+00
  30.378487    10.5162     0.4705 4.8235e+01       3346      3.702  37.283216     6.0837     2.8033  0.000e+00
  30.378490    10.5164     0.4705 4.8936e+01       3347      3.679  37.284602     6.0792     2.8039  0.000e+00
  30.378492    10.5169     0.4645 4.9360e+01       3348      3.658  37.285460     6.0824     2.7402  0.000e+00
  30.378495    10.5174     0.4623 4.9822e+01       3349      3.640  37.285724     6.0785     2.7396  0.000e+00
  30.378498    10.5178     0.4627 5.0156e+01       3350      3.630  37.285724     6.0769     2.7396  0.000e+00
  30.378501    10.5180     0.4595 5.0395e+01       3351      3.625  37.285460     6.0763     2.7392  0.000e+00
  30.378504    10.5181     0.3986 4.9221e+01       3352      3.628  37.285724     6.0803     2.7267  0.000e+00
  30.378507    10.5182     0.3950 4.9351e+01       3353      3.638  37.285460     6.0805     2.7263  0.000e+00
  30.378510    10.5182     0.3982 4.9857e+01       3354      3.651  37.284998     6.0845     2.7254  0.000e+00
  30.378513    10.5182     0.4009 4.9569e+01       3355      3.667  37.284800     6.0901     2.7253  0.000e+00
  30.378516    10.5180     0.3982 4.9065e+01       3356      3.683  37.284602     6.0860     2.7848  0.000e+00
  30.378519    10.5179     0.4774 4.9230e+01       3357      3.694  37.284338     6.0841     2.7840  0.000e+00
  30.378521    10.5177     0.4714 4.9325e+01       3358      3.699  37.284338     6.0854     2.7857  0.000e+00
  30.378524    10.5173     0.4769 4.9464e+01       3359      3.699  37.284338     6.0949     2.7854  0.000e+00
  30.378527    10.5174     0.4764 4.8953e+01       3360      3.695  37.284338     6.0978     2.7852  0.000e+00
  30.378530    10.5174     0.4165 4.9048e+01       3361      3.687  37.284602     6.0978     2.8179  0.000e+00
  30.378533    10.5175     0.4114 4.9386e+01       3362      3.679  37.284734     6.1000     2.8188  0.000e+00
  30.378536    10.5175     0.4101 4.9621e+01       3363      3.671  37.284602     6.1015     2.8181  0.000e+00
  30.378539    10.5176     0.4092 4.9726e+01       3364      3.661  37.284800     6.1060     2.8185  0.000e+00
  30.378542    10.5177     0.4256 4.9429e+01       3365      3.654  37.284998     6.1034     2.8733  0.000e+00
  30.378545    10.5178     0.4270 4.9022e+01       3366      3.649  37.284338     6.0977     2.8731  0.000e+00
  30.378547    10.5176     0.4265 4.9308e+01       3367      3.643  37.283678     6.0950     2.8725  0.000e+00
  30.378550    10.5173     0.4261 5.0298e+01       3368      3.637  37.283216     6.0942     2.8719  0.000e+00
  30.378553    10.5171     0.4114 5.0850e+01       3369      3.629  37.283414     6.0982     2.7303  0.000e+00
  30.378556    10.5171     0.4105 5.0671e+01       3370      3.620  37.283414     6.0983     2.7302  0.000e+00
  30.378559    10.5171     0.4114 4.9464e+01       3371      3.611  37.283414     6.0946     2.7309  0.000e+00
  30.378562    10.5171     0.4096 4.9299e+01       3372      3.601  37.283414     6.0942     2.7317  0.000e+00
  30.378565    10.5171     0.4124 4.9134e+01       3373      3.593  37.283876     6.0931     2.7292  0.000e+00
  30.378568    10.5172     0.5076 4.9927e+01       3374      3.586  37.284338     6.0894     2.7512  0.000e+00
  30.378571    10.5175     0.5071 5.0841e+01       3375      3.581  37.284602     6.0873     2.7526  0.000e+00
  30.378573    10.5175     0.5030 5.1462e+01       3376      3.577  37.284338     6.0845     2.7515  0.000e+00
  30.378576    10.5175     0.5039 5.0626e+01       3377      3.574  37.284338     6.0831     2.7523  0.000e+00
  30.378579    10.5175     0.4421 4.9778e+01       3378      3.573  37.284602     6.0869     2.7946  0.000e+00
  30.378582    10.5174     0.4444 4.9368e+01       3379      3.578  37.284602     6.0885     2.7959  0.000e+00
  30.378585    10.5174     0.4380 4.9447e+01       3380      3.593  37.284602     6.0905     2.7949  0.000e+00
  30.378588    10.5174     0.4426 5.0042e+01       3381      3.617  37.284602     6.0942     2.7949  0.000e+00
  30.378591    10.5175     0.4380 4.9998e+01       3382      3.653  37.283414     6.0970     2.8170  0.000e+00
  30.378594    10.5173     0.4398 4.8755e+01       3383      3.694  37.281830     6.0960     2.8150  0.000e+00
  30.378597    10.5168     0.4435 4.7502e+01       3384      3.741  37.278860     6.1029     2.8161  0.000e+00
  30.378600    10.5161     0.4403 4.6739e+01       3385      3.786  37.275956     6.0998     2.8168  0.000e+00
  30.378602    10.5155     0.4925 4.6600e+01       3386      3.825  37.270478     6.0979     2.8831  0.000e+00
  30.378605    10.5153     0.4934 4.6879e+01       3387      3.853  37.274372     6.0974     2.8817  0.000e+00
  30.378608    10.5151     0.4906 4.6624e+01       3388      3.868  37.274108     6.0935     2.8834  0.000e+00
  30.378611    10.5154     0.4952 4.6830e+01       3389      3.867  37.273646     6.0891     2.8837  0.000e+00
  30.378614    10.5154     0.4902 4.7185e+01       3390      3.852  37.275032     6.0821     2.8828  0.000e+00
  30.378617    10.5154     0.4352 4.7227e+01       3391      3.826  37.279586     6.0824     2.7769  0.000e+00
  30.378620    10.5157     0.4380 4.6436e+01       3392      3.792  37.281170     6.0811     2.7790  0.000e+00
  30.378623    10.5162     0.4311 4.6747e+01       3393      3.756  37.283216     6.0744     2.7778  0.000e+00
  30.378626    10.5168     0.4325 4.7619e+01       3394      3.725  37.282754     6.0731     2.7775  0.000e+00
  30.378628    10.5171     0.3886 4.9429e+01       3395      3.700  37.282556     6.0824     2.6835  0.000e+00
  30.378631    10.5172     0.3881 4.9927e+01       3396      3.681  37.281830     6.0921     2.6830  0.000e+00
  30.378634    10.5172     0.3899 4.9569e+01       3397      3.670  37.280906     6.0899     2.6826  0.000e+00
  30.378637    10.5168     0.3881 4.9204e+01       3398      3.661  37.280906     6.0904     2.6842  0.000e+00
  30.378640    10.5166     0.4046 4.9230e+01       3399      3.661  37.281170     6.0905     2.7462  0.000e+00
  30.378643    10.5164     0.4027 4.9143e+01       3400      3.666  37.280906     6.0921     2.7465  0.000e+00
  30.378646    10.5164     0.4009 4.9752e+01       3401      3.675  37.280906     6.0913     2.7456  0.000e+00
  30.378649    10.5162     0.4037 4.9273e+01       3402      3.689  37.280510     6.0879     2.7473  0.000e+00
  30.378652    10.5161     0.4238 4.8738e+01       3403      3.704  37.279784     6.0802     2.8225  0.000e+00
  30.378655    10.5161     0.4229 4.9308e+01       3404      3.721  37.280510     6.0835     2.8232  0.000e+00
  30.378657    10.5159     0.4238 4.8807e+01       3405      3.736  37.281368     6.0925     2.8237  0.000e+00
  30.378660    10.5159     0.4243 4.8337e+01       3406      3.747  37.281632     6.0873     2.8237  0.000e+00
  30.378663    10.5159     0.4252 4.8260e+01       3407      3.753  37.281830     6.0920     2.8234  0.000e+00
  30.378666    10.5160     0.3803 4.8687e+01       3408      3.754  37.281830     6.0948     2.8782  0.000e+00
  30.378669    10.5160     0.3863 4.9612e+01       3409      3.749  37.281632     6.0921     2.8763  0.000e+00
  30.378672    10.5161     0.3794 4.9892e+01       3410      3.738  37.281830     6.0910     2.8762  0.000e+00
  30.378675    10.5161     0.3831 4.9429e+01       3411      3.723  37.282094     6.0897     2.8771  0.000e+00
  30.378678    10.5162     0.4847 4.9342e+01       3412      3.704  37.282094     6.0838     2.7260  0.000e+00
  30.378681    10.5165     0.4838 5.0086e+01       3413      3.685  37.282094     6.0819     2.7262  0.000e+00
  30.378683    10.5167     0.4902 5.0324e+01       3414      3.668  37.282094     6.0837     2.7260  0.000e+00
  30.378686    10.5171     0.4829 5.0957e+01       3415      3.655  37.281830     6.0792     2.7254  0.000e+00
  30.378689    10.5171     0.4632 5.0307e+01       3416      3.644  37.281830     6.0839     2.7190  0.000e+00
  30.378692    10.5173     0.4623 5.0369e+01       3417      3.638  37.281632     6.0828     2.7187  0.000e+00
  30.378695    10.5175     0.4609 5.0885e+01       3418      3.634  37.280906     6.0838     2.7204  0.000e+00
  30.378698    10.5175     0.4613 5.1616e+01       3419      3.631  37.280906     6.0863     2.7183  0.000e+00
  30.378701    10.5175     0.3931 5.1137e+01       3420      3.629  37.280708     6.0892     2.7553  0.000e+00
  30.378704    10.5174     0.3954 5.0342e+01       3421      3.626  37.279784     6.0975     2.7567  0.000e+00
  30.378707    10.5173     0.3963 5.0537e+01       3422      3.624  37.279586     6.0993     2.7569  0.000e+00
  30.378709    10.5172     0.3973 5.1074e+01       3423      3.622  37.278200     6.0964     2.7572  0.000e+00
  30.378712    10.5169     0.3986 5.0894e+01       3424      3.619  37.278662     6.0999     2.7576  0.000e+00
  30.378715    10.5167     0.3959 5.0591e+01       3425      3.615  37.278464     6.0988     2.8225  0.000e+00
  30.378718    10.5167     0.3973 5.1173e+01       3426      3.611  37.279586     6.0902     2.8234  0.000e+00
  30.378721    10.5168     0.3954 5.1534e+01       3427      3.604  37.279784     6.0851     2.8226  0.000e+00
  30.378724    10.5169     0.3977 5.1227e+01       3428      3.597  37.280048     6.0936     2.8239  0.000e+00
  30.378727    10.5169     0.3886 5.0796e+01       3429      3.588  37.280048     6.0848     2.7762  0.000e+00
  30.378730    10.5169     0.3886 5.0975e+01       3430      3.579  37.280246     6.0851     2.7753  0.000e+00
  30.378733    10.5171     0.3867 5.1534e+01       3431      3.572  37.280246     6.0862     2.7759  0.000e+00
  30.378736    10.5172     0.3899 5.1110e+01       3432      3.567  37.279784     6.0850     2.7767  0.000e+00
  30.378738    10.5172     0.4412 5.0957e+01       3433      3.567  37.279586     6.0840     2.9020  0.000e+00
  30.378741    10.5173     0.4398 5.1182e+01       3434      3.571  37.279322     6.0853     2.9017  0.000e+00
  30.378744    10.5171     0.4435 5.1110e+01       3435      3.583  37.279586     6.0845     2.9023  0.000e+00
  30.378747    10.5171     0.4407 5.0307e+01       3436      3.598  37.279784     6.0821     2.9029  0.000e+00
  30.378750    10.5171     0.4394 5.0386e+01       3437      3.616  37.280246     6.0848     2.7444  0.000e+00
  30.378753    10.5171     0.4384 5.0475e+01       3438      3.636  37.280246     6.0815     2.7445  0.000e+00
  30.378756    10.5171     0.4380 4.9752e+01       3439      3.658  37.279586     6.0813     2.7436  0.000e+00
  30.378759    10.5169     0.4407 4.9273e+01       3440      3.680  37.279322     6.0824     2.7453  0.000e+00
  30.378762    10.5168     0.4435 4.8755e+01       3441      3.701  37.279124     6.0831     2.7447  0.000e+00
  30.378764    10.5165     0.4348 4.8226e+01       3442      3.723  37.278662     6.0843     2.7514  0.000e+00
  30.378767    10.5165     0.4320 4.7636e+01       3443      3.745  37.278002     6.0850     2.7515  0.000e+00
  30.378770    10.5162     0.4307 4.8116e+01       3444      3.762  37.277276     6.0899     2.7517  0.000e+00
  30.378773    10.5161     0.4311 4.8601e+01       3445      3.775  37.275956     6.0927     2.7514  0.000e+00
  30.378776    10.5158     0.4833 4.8593e+01       3446      3.779  37.274108     6.0970     2.7373  0.000e+00
  30.378779    10.5157     0.4842 4.8345e+01       3447      3.776  37.274372     6.0943     2.7378  0.000e+00
  30.378782    10.5155     0.4870 4.7669e+01       3448      3.766  37.274570     6.0946     2.7376  0.000e+00
  30.378785    10.5155     0.4851 4.8175e+01       3449      3.753  37.275692     6.0927     2.7382  0.000e+00
  30.378788    10.5157     0.4458 4.8919e+01       3450      3.735  37.275956     6.0856     2.7810  0.000e+00
  30.378791    10.5159     0.4494 4.9656e+01       3451      3.718  37.276616     6.0815     2.7810  0.000e+00
  30.378793    10.5161     0.4439 4.9351e+01       3452      3.702  37.277078     6.0860     2.7802  0.000e+00
  30.378796    10.5164     0.4476 4.9316e+01       3453      3.689  37.278002     6.0879     2.7799  0.000e+00
  30.378799    10.5167     0.4494 4.9534e+01       3454      3.681  37.276616     6.0902     2.7802  0.000e+00
  30.378802    10.5166     0.4490 5.0254e+01       3455      3.675  37.277078     6.0936     2.7813  0.000e+00
  30.378805    10.5165     0.4471 4.9927e+01       3456      3.673  37.277276     6.0907     2.7811  0.000e+00
  30.378808    10.5168     0.4494 5.0271e+01       3457      3.672  37.277276     6.0925     2.7796  0.000e+00
  30.378811    10.5168     0.4481 5.0104e+01       3458      3.674  37.276814     6.0849     2.7805  0.000e+00
  30.378814    10.5167     0.4719 5.0724e+01       3459      3.674  37.276814     6.0841     2.8062  0.000e+00
  30.378817    10.5165     0.4687 5.1155e+01       3460      3.678  37.276616     6.0819     2.8065  0.000e+00
  30.378819    10.5165     0.4696 5.0520e+01       3461      3.681  37.276814     6.0788     2.8051  0.000e+00
  30.378822    10.5163     0.4677 4.9945e+01       3462      3.685  37.277078     6.0818     2.8066  0.000e+00
  30.378825    10.5165     0.4490 5.0068e+01       3463      3.690  37.277276     6.0868     2.8307  0.000e+00
  30.378828    10.5167     0.4485 5.1038e+01       3464      3.698  37.276418     6.0880     2.8312  0.000e+00
  30.378831    10.5164     0.4490 5.1065e+01       3465      3.707  37.275494     6.0881     2.8296  0.000e+00
  30.378834    10.5161     0.4485 5.0733e+01       3466      3.716  37.275230     6.0885     2.8309  0.000e+00
  30.378837    10.5158     0.4481 5.0716e+01       3467      3.728  37.274768     6.0857     2.8119  0.000e+00
  30.378840    10.5157     0.4504 4.9822e+01       3468      3.743  37.274570     6.0816     2.8110  0.000e+00
  30.378843    10.5154     0.4481 4.9022e+01       3469      3.760  37.274570     6.0879     2.8107  0.000e+00
  30.378845    10.5153     0.4485 4.9516e+01       3470      3.779  37.274372     6.0868     2.8109  0.000e+00
  30.378848    10.5153     0.4458 4.9508e+01       3471      3.799  37.274372     6.0835     2.7524  0.000e+00
  30.378851    10.5151     0.4769 4.9351e+01       3472      3.820  37.274108     6.0885     2.7521  0.000e+00
  30.378854    10.5150     0.4783 4.8593e+01       3473      3.836  37.273910     6.0924     2.7517  0.000e+00
  30.378857    10.5148     0.4755 4.7846e+01       3474      3.845  37.273910     6.0918     2.7518  0.000e+00
  30.378860    10.5147     0.4764 4.8159e+01       3475      3.846  37.274108     6.0894     2.7521  0.000e+00
  30.378863    10.5148     0.4046 4.8567e+01       3476      3.835  37.273910     6.0858     2.7750  0.000e+00
  30.378866    10.5149     0.4059 4.8747e+01       3477      3.813  37.274768     6.0838     2.7765  0.000e+00
  30.378869    10.5151     0.4023 4.9665e+01       3478      3.776  37.275956     6.0872     2.7756  0.000e+00
  30.378872    10.5157     0.4046 5.0130e+01       3479      3.728  37.275956     6.0877     2.7756  0.000e+00
  30.378874    10.5160     0.4632 5.1029e+01       3480      3.671  37.275956     6.0899     2.7572  0.000e+00
  30.378877    10.5162     0.4600 5.1716e+01       3481      3.608  37.276154     6.0899     2.7566  0.000e+00
  30.378880    10.5164     0.4609 5.2643e+01       3482      3.545  37.276813     6.0923     2.7563  0.000e+00
  30.378883    10.5165     0.4586 5.3043e+01       3483      3.490  37.277077     6.0863     2.7570  0.000e+00
  30.378886    10.5168     0.4243 5.3361e+01       3484      3.447  37.277275     6.0854     2.7424  0.000e+00
  30.378889    10.5168     0.4265 5.4538e+01       3485      3.421  37.277275     6.0907     2.7430  0.000e+00
  30.378892    10.5168     0.4243 5.5068e+01       3486      3.416  37.277077     6.0948     2.7416  0.000e+00
  30.378895    10.5167     0.4284 5.4184e+01       3487      3.430  37.277275     6.0951     2.7413  0.000e+00
  30.378898    10.5168     0.4233 5.2200e+01       3488      3.464  37.277077     6.0980     2.7418  0.000e+00
