rawdata/SBE19plusV2cast36testRBR300124.cnv
* Sea-Bird SBE19plus  Data File:
* FileName = C:\Users\follenfa\Desktop\SBE19plusV2\dataterm\2024\SBE19plusV2cast36testRBR300124.hex
* Software version 2.4.1
* Temperature SN = 6447
* Conductivity SN = 6447
* System UpLoad Time = Jan 30 2024 14:38:05
* <ApplicationData>
* <Seaterm232>
# nquan = 10
# nvalues = 2095                                  
# units = specified
# name 0 = timeJ: Julian Days
# name 1 = tv290C: Temperature [ITS-90, deg C]
# name 2 = flECO-AFL: Fluorescence, WET Labs ECO-AFL/FL [mg/m^3]
# name 3 = par: PAR/Irradiance, Biospherical/Licor
# name 4 = scan: Scan Count
# name 5 = prdE: Pressure, Strain Gauge [psi]
# name 6 = c0mS/cm: Conductivity [mS/cm]
# name 7 = sbeox0ML/L: Oxygen, SBE 43 [ml/l]
# name 8 = turbWETntu0: Turbidity, WET Labs ECO [NTU]
# name 9 = flag:  0.000e+00
# span 0 =  30.373061,  30.379120                 
# span 1 =    10.5147,    10.5246                 
# span 2 =     0.3469,     0.6367                 
# span 3 = 5.6266e+00, 6.7356e+01                 
# span 4 =       1471,       3565                 
# span 5 =      1.474,     11.800                 
# span 6 =  37.270478,  37.334670                 
# span 7 =     6.0339,     6.1095                 
# span 8 =     2.5525,     3.1298                 
# span 9 = 0.0000e+00, 0.0000e+00                 
# interval = seconds: 0.25
# start_time = Jan 30 2024 08:51:05 [Instrument's time stamp, header]
# bad_flag = -9.990e-29
*END*
  30.373061    10.5204     0.4819 5.6075e+01       1471      1.836  37.286842     6.0865     2.9040  0.000e+00
  30.373064    10.5201     0.4824 5.7555e+01       1472      1.833  37.286842     6.0803     2.9050  0.000e+00
  30.373067    10.5200     0.4883 5.7453e+01       1473      1.845  37.285258     6.0866     2.9035  0.000e+00
  30.373070    10.5192     0.4366 5.9532e+01       1474      1.857  37.284994     6.0833     2.8071  0.000e+00
  30.373073    10.5184     0.4288 5.8155e+01       1475      1.867  37.284796     6.0824     2.8074  0.000e+00
  30.373076    10.5179     0.4316 5.9847e+01       1476      1.870  37.284598     6.0788     2.8080  0.000e+00
  30.373079    10.5175     0.4407 5.7869e+01       1477      1.865  37.284598     6.0799     2.8081  0.000e+00
  30.373082    10.5171     0.4577 5.8206e+01       1478      1.880  37.284334     6.0777     2.7968  0.000e+00
  30.373084    10.5169     0.4590 5.7403e+01       1479      1.919  37.284598     6.0790     2.7956  0.000e+00
  30.373087    10.5169     0.4609 5.9658e+01       1480      1.967  37.284598     6.0729     2.7962  0.000e+00
  30.373090    10.5172     0.4586 5.6611e+01       1481      2.024  37.283410     6.0753     2.7975  0.000e+00
  30.373093    10.5171     0.4595 5.5477e+01       1482      2.090  37.284995     6.0763     3.0334  0.000e+00
  30.373096    10.5168     0.5089 5.4933e+01       1483      2.159  37.284797     6.0757     3.0349  0.000e+00
  30.373099    10.5165     0.5053 5.4827e+01       1484      2.234  37.284797     6.0741     3.0332  0.000e+00
  30.373102    10.5164     0.5067 5.5097e+01       1485      2.306  37.285721     6.0761     3.0349  0.000e+00
  30.373105    10.5163     0.5039 5.3202e+01       1486      2.373  37.285721     6.0799     3.0360  0.000e+00
  30.373108    10.5162     0.4439 5.0653e+01       1487      2.435  37.286844     6.0801     2.9478  0.000e+00
  30.373111    10.5163     0.4426 5.0841e+01       1488      2.493  37.286844     6.0837     2.9491  0.000e+00
  30.373113    10.5164     0.4536 5.1770e+01       1489      2.545  37.287042     6.0816     2.9487  0.000e+00
  30.373116    10.5164     0.4462 5.0671e+01       1490      2.591  37.287042     6.0831     2.9479  0.000e+00
  30.373119    10.5165     0.4558 4.9074e+01       1491      2.631  37.286382     6.0790     2.8260  0.000e+00
  30.373122    10.5165     0.4545 4.8159e+01       1492      2.665  37.285722     6.0784     2.8275  0.000e+00
  30.373125    10.5163     0.4494 4.8362e+01       1493      2.699  37.285458     6.0737     2.8263  0.000e+00
  30.373128    10.5164     0.4568 4.8755e+01       1494      2.732  37.285458     6.0792     2.8254  0.000e+00
  30.373131    10.5163     0.4911 4.8337e+01       1495      2.764  37.285458     6.0745     2.9821  0.000e+00
  30.373134    10.5162     0.4911 4.7161e+01       1496      2.797  37.284996     6.0743     2.9809  0.000e+00
  30.373137    10.5162     0.4943 4.6232e+01       1497      2.830  37.285459     6.0760     2.9824  0.000e+00
  30.373139    10.5162     0.4938 4.6428e+01       1498      2.864  37.284997     6.0747     2.9822  0.000e+00
  30.373142    10.5162     0.4879 4.6151e+01       1499      2.898  37.284601     6.0753     2.9825  0.000e+00
  30.373145    10.5162     0.4856 4.6240e+01       1500      2.932  37.284601     6.0704     2.8657  0.000e+00
  30.373148    10.5162     0.4952 4.5505e+01       1501      2.965  37.284271     6.0740     2.8670  0.000e+00
  30.373151    10.5162     0.4893 4.5417e+01       1502      3.001  37.283875     6.0735     2.8661  0.000e+00
  30.373154    10.5161     0.4948 4.4641e+01       1503      3.039  37.283677     6.0731     2.8654  0.000e+00
  30.373157    10.5161     0.4732 4.3608e+01       1504      3.084  37.283875     6.0735     2.8545  0.000e+00
  30.373160    10.5161     0.4737 4.2427e+01       1505      3.139  37.283677     6.0773     2.8535  0.000e+00
  30.373163    10.5160     0.4677 4.2070e+01       1506      3.207  37.283413     6.0845     2.8542  0.000e+00
  30.373166    10.5160     0.4668 4.1547e+01       1507      3.286  37.283413     6.0859     2.8539  0.000e+00
  30.373168    10.5160     0.4595 4.1812e+01       1508      3.369  37.283216     6.0918     2.9462  0.000e+00
  30.373171    10.5160     0.4691 4.0472e+01       1509      3.446  37.284602     6.0870     2.9465  0.000e+00
  30.373174    10.5160     0.4645 3.9682e+01       1510      3.513  37.287044     6.0904     2.9450  0.000e+00
  30.373177    10.5161     0.4664 3.8675e+01       1511      3.571  37.286649     6.0876     2.9465  0.000e+00
  30.373180    10.5162     0.5144 3.8648e+01       1512      3.615  37.285923     6.0805     2.8608  0.000e+00
  30.373183    10.5163     0.5126 3.8343e+01       1513      3.647  37.286847     6.0737     2.8611  0.000e+00
  30.373186    10.5164     0.5117 3.8784e+01       1514      3.669  37.287045     6.0695     2.8622  0.000e+00
  30.373189    10.5168     0.5099 3.8798e+01       1515      3.683  37.287309     6.0642     2.8628  0.000e+00
  30.373192    10.5170     0.5144 3.8040e+01       1516      3.697  37.287309     6.0614     2.8612  0.000e+00
  30.373194    10.5171     0.4590 3.8215e+01       1517      3.712  37.287507     6.0595     2.9357  0.000e+00
  30.373197    10.5173     0.4513 3.8228e+01       1518      3.734  37.287045     6.0562     2.9371  0.000e+00
  30.373200    10.5176     0.4540 3.7780e+01       1519      3.767  37.286847     6.0602     2.9363  0.000e+00
  30.373203    10.5177     0.4604 3.7469e+01       1520      3.811  37.287309     6.0622     2.9355  0.000e+00
  30.373206    10.5179     0.4179 3.7594e+01       1521      3.863  37.285923     6.0647     3.0712  0.000e+00
  30.373209    10.5176     0.4265 3.6964e+01       1522      3.921  37.283679     6.0701     3.0715  0.000e+00
  30.373212    10.5171     0.4137 3.6357e+01       1523      3.981  37.284141     6.0761     3.0732  0.000e+00
  30.373215    10.5167     0.4183 3.6001e+01       1524      4.043  37.284141     6.0796     3.0707  0.000e+00
  30.373218    10.5165     0.4055 3.5298e+01       1525      4.102  37.285000     6.0811     2.9386  0.000e+00
  30.373220    10.5163     0.4000 3.4902e+01       1526      4.158  37.285000     6.0823     2.9380  0.000e+00
  30.373223    10.5164     0.4037 3.4444e+01       1527      4.212  37.285264     6.0842     2.9378  0.000e+00
  30.373226    10.5164     0.4018 3.4040e+01       1528      4.264  37.285000     6.0846     2.9371  0.000e+00
  30.373229    10.5164     0.4851 3.3464e+01       1529      4.319  37.285264     6.0845     2.9671  0.000e+00
  30.373232    10.5163     0.4902 3.3293e+01       1530      4.380  37.285000     6.0829     2.9668  0.000e+00
  30.373235    10.5164     0.4842 3.2833e+01       1531      4.447  37.284802     6.0803     2.9667  0.000e+00
  30.373238    10.5164     0.4801 3.2152e+01       1532      4.518  37.285463     6.0798     2.9662  0.000e+00
  30.373241    10.5164     0.4865 3.1602e+01       1533      4.590  37.285463     6.0792     2.9656  0.000e+00
  30.373244    10.5164     0.5263 3.1028e+01       1534      4.663  37.285727     6.0803     2.9629  0.000e+00
  30.373247    10.5164     0.5254 3.0379e+01       1535      4.734  37.284341     6.0798     2.9623  0.000e+00
  30.373249    10.5164     0.5300 2.9997e+01       1536      4.800  37.283879     6.0798     2.9627  0.000e+00
  30.373252    10.5163     0.5241 2.9410e+01       1537      4.858  37.283681     6.0843     2.9627  0.000e+00
  30.373255    10.5164     0.5323 2.9101e+01       1538      4.910  37.284605     6.0817     2.8690  0.000e+00
  30.373258    10.5164     0.5323 2.8775e+01       1539      4.954  37.282955     6.0817     2.8707  0.000e+00
  30.373261    10.5164     0.5250 2.8312e+01       1540      4.994  37.282097     6.0823     2.8696  0.000e+00
  30.373264    10.5162     0.5268 2.8158e+01       1541      5.026  37.282956     6.0811     2.8696  0.000e+00
  30.373267    10.5162     0.4183 2.7892e+01       1542      5.056  37.282296     6.0827     2.8013  0.000e+00
  30.373270    10.5162     0.4105 2.7887e+01       1543      5.083  37.282098     6.0817     2.8002  0.000e+00
  30.373273    10.5162     0.4046 2.7896e+01       1544      5.109  37.281834     6.0896     2.8028  0.000e+00
  30.373275    10.5162     0.4055 2.7735e+01       1545      5.136  37.282560     6.0861     2.8016  0.000e+00
  30.373278    10.5163     0.5048 2.7652e+01       1546      5.162  37.282296     6.0910     2.9131  0.000e+00
  30.373281    10.5164     0.5080 2.7530e+01       1547      5.189  37.281834     6.0914     2.9146  0.000e+00
  30.373284    10.5165     0.5117 2.7178e+01       1548      5.220  37.281636     6.0926     2.9134  0.000e+00
  30.373287    10.5163     0.5094 2.6916e+01       1549      5.253  37.282098     6.0912     2.9145  0.000e+00
  30.373290    10.5164     0.5089 2.6460e+01       1550      5.293  37.282560     6.0863     2.9148  0.000e+00
  30.373293    10.5164     0.5575 2.6163e+01       1551      5.340  37.281834     6.0797     2.9977  0.000e+00
  30.373296    10.5163     0.5483 2.5843e+01       1552      5.396  37.281636     6.0789     2.9987  0.000e+00
  30.373299    10.5162     0.5538 2.5508e+01       1553      5.456  37.281637     6.0821     2.9977  0.000e+00
  30.373302    10.5162     0.5520 2.5337e+01       1554      5.521  37.281373     6.0816     2.9995  0.000e+00
  30.373304    10.5162     0.5108 2.4842e+01       1555      5.592  37.281637     6.0849     3.0134  0.000e+00
  30.373307    10.5162     0.5117 2.4339e+01       1556      5.662  37.280251     6.0875     3.0128  0.000e+00
  30.373310    10.5162     0.5131 2.3897e+01       1557      5.731  37.280515     6.0943     3.0120  0.000e+00
  30.373313    10.5161     0.5163 2.3476e+01       1558      5.799  37.280515     6.0964     3.0123  0.000e+00
  30.373316    10.5161     0.4494 2.3004e+01       1559      5.864  37.281638     6.0976     2.9357  0.000e+00
  30.373319    10.5161     0.4444 2.2638e+01       1560      5.922  37.285004     6.0896     2.9351  0.000e+00
  30.373322    10.5163     0.4513 2.2388e+01       1561      5.976  37.281374     6.0843     2.9368  0.000e+00
  30.373325    10.5164     0.4540 2.2223e+01       1562      6.025  37.280054     6.0872     2.9360  0.000e+00
  30.373328    10.5163     0.4902 2.1950e+01       1563      6.067  37.279790     6.0851     3.0318  0.000e+00
  30.373330    10.5162     0.4929 2.1647e+01       1564      6.107  37.280054     6.0847     3.0340  0.000e+00
  30.373333    10.5162     0.4925 2.1590e+01       1565      6.144  37.281374     6.0883     3.0352  0.000e+00
  30.373336    10.5161     0.4980 2.1517e+01       1566      6.179  37.281176     6.0858     3.0335  0.000e+00
  30.373339    10.5162     0.4893 2.1374e+01       1567      6.211  37.281638     6.0873     3.0337  0.000e+00
  30.373342    10.5163     0.6129 2.1167e+01       1568      6.244  37.281638     6.0860     3.0556  0.000e+00
  30.373345    10.5162     0.6165 2.0886e+01       1569      6.277  37.281374     6.0861     3.0555  0.000e+00
  30.373348    10.5164     0.6151 2.0611e+01       1570      6.313  37.282299     6.0884     3.0562  0.000e+00
  30.373351    10.5164     0.6119 2.0416e+01       1571      6.352  37.282761     6.0883     3.0530  0.000e+00
  30.373354    10.5165     0.5515 2.0294e+01       1572      6.388  37.283421     6.0878     2.9146  0.000e+00
  30.373356    10.5164     0.5579 2.0162e+01       1573      6.426  37.283421     6.0851     2.9148  0.000e+00
  30.373359    10.5164     0.5556 2.0059e+01       1574      6.467  37.285467     6.0828     2.9143  0.000e+00
  30.373362    10.5165     0.5529 1.9949e+01       1575      6.507  37.286062     6.0811     2.9134  0.000e+00
  30.373365    10.5165     0.4861 1.9719e+01       1576      6.543  37.285006     6.0806     2.8022  0.000e+00
  30.373368    10.5165     0.4829 1.9621e+01       1577      6.583  37.285006     6.0797     2.8002  0.000e+00
  30.373371    10.5165     0.4861 1.9363e+01       1578      6.625  37.285468     6.0803     2.7985  0.000e+00
  30.373374    10.5166     0.4792 1.9079e+01       1579      6.669  37.285930     6.0851     2.7990  0.000e+00
  30.373377    10.5167     0.5039 1.8834e+01       1580      6.719  37.284808     6.0861     3.1135  0.000e+00
  30.373380    10.5166     0.5076 1.8646e+01       1581      6.776  37.286392     6.0862     3.1116  0.000e+00
  30.373383    10.5165     0.5039 1.8323e+01       1582      6.841  37.287977     6.0885     3.1116  0.000e+00
  30.373385    10.5163     0.5057 1.8028e+01       1583      6.913  37.286657     6.0879     3.1148  0.000e+00
  30.373388    10.5162     0.5108 1.7691e+01       1584      6.990  37.284809     6.0919     3.1122  0.000e+00
  30.373391    10.5162     0.4458 1.7299e+01       1585      7.067  37.284809     6.0889     2.9719  0.000e+00
  30.373394    10.5164     0.4540 1.6930e+01       1586      7.143  37.285469     6.0883     2.9713  0.000e+00
  30.373397    10.5165     0.4517 1.6607e+01       1587      7.214  37.284347     6.0915     2.9716  0.000e+00
  30.373400    10.5165     0.4536 1.6340e+01       1588      7.280  37.285007     6.0895     2.9722  0.000e+00
  30.373403    10.5164     0.4861 1.6185e+01       1589      7.338  37.285470     6.0923     3.0080  0.000e+00
  30.373406    10.5165     0.4883 1.6014e+01       1590      7.388  37.285272     6.0919     3.0080  0.000e+00
  30.373409    10.5164     0.4865 1.5941e+01       1591      7.432  37.285470     6.0836     3.0085  0.000e+00
  30.373411    10.5165     0.4847 1.5804e+01       1592      7.470  37.285734     6.0780     3.0083  0.000e+00
  30.373414    10.5165     0.5186 1.5715e+01       1593      7.502  37.287054     6.0804     3.0218  0.000e+00
  30.373417    10.5164     0.5108 1.5632e+01       1594      7.530  37.287780     6.0764     3.0215  0.000e+00
  30.373420    10.5164     0.5126 1.5543e+01       1595      7.559  37.289365     6.0772     3.0218  0.000e+00
  30.373423    10.5164     0.5112 1.5456e+01       1596      7.587  37.292335     6.0801     3.0215  0.000e+00
  30.373426    10.5162     0.5112 1.5336e+01       1597      7.618  37.295504     6.0850     2.9125  0.000e+00
  30.373429    10.5160     0.4394 1.5250e+01       1598      7.653  37.294382     6.0828     2.9119  0.000e+00
  30.373432    10.5161     0.4417 1.5078e+01       1599      7.691  37.297749     6.0850     2.9114  0.000e+00
  30.373435    10.5160     0.4430 1.4935e+01       1600      7.735  37.293920     6.0815     2.9128  0.000e+00
  30.373438    10.5160     0.4458 1.4817e+01       1601      7.783  37.296429     6.0788     2.9122  0.000e+00
  30.373440    10.5160     0.4481 1.4599e+01       1602      7.836  37.303955     6.0775     2.9259  0.000e+00
  30.373443    10.5158     0.4471 1.4419e+01       1603      7.890  37.306861     6.0776     2.9255  0.000e+00
  30.373446    10.5155     0.4508 1.4167e+01       1604      7.947  37.305078     6.0769     2.9259  0.000e+00
  30.373449    10.5156     0.4517 1.3978e+01       1605      8.005  37.303956     6.0769     2.9250  0.000e+00
  30.373452    10.5155     0.5350 1.3774e+01       1606      8.063  37.298476     6.0756     2.8911  0.000e+00
  30.373455    10.5156     0.5273 1.3569e+01       1607      8.118  37.293459     6.0759     2.8911  0.000e+00
  30.373458    10.5158     0.5295 1.3376e+01       1608      8.173  37.293261     6.0770     2.8924  0.000e+00
  30.373461    10.5159     0.5309 1.3160e+01       1609      8.225  37.295704     6.0724     2.8930  0.000e+00
  30.373464    10.5158     0.5424 1.3012e+01       1610      8.272  37.295968     6.0740     2.9760  0.000e+00
  30.373466    10.5158     0.5405 1.2898e+01       1611      8.315  37.297355     6.0678     2.9775  0.000e+00
  30.373469    10.5158     0.5337 1.2782e+01       1612      8.356  37.297553     6.0695     2.9769  0.000e+00
  30.373472    10.5157     0.5360 1.2739e+01       1613      8.393  37.297355     6.0726     2.9769  0.000e+00
  30.373475    10.5157     0.5305 1.2652e+01       1614      8.430  37.296629     6.0711     2.9755  0.000e+00
