rawdata/SBE19plusV2cast36testRBR300124.cnv
* Sea-Bird SBE19plus  Data File:
* FileName = C:\Users\follenfa\Desktop\SBE19plusV2\dataterm\2024\SBE19plusV2cast36testRBR300124.hex
* Software version 2.4.1
* Temperature SN = 6447
* Conductivity SN = 6447
* System UpLoad Time = Jan 30 2024 14:38:05
* <ApplicationData>
* <Seaterm232>
# nquan = 10
# nvalues = 2095                                  
# units = specified
# name 0 = timeJ: Julian Days
# name 1 = tv290C: Temperature [ITS-90, deg C]
# name 2 = flECO-AFL: Fluorescence, WET Labs ECO-AFL/FL [mg/m^3]
# name 3 = par: PAR/Irradiance, Biospherical/Licor
# name 4 = scan: Scan Count
# name 5 = prdE: Pressure, Strain Gauge [psi]
# name 6 = c0mS/cm: Conductivity [mS/cm]
# name 7 = sbeox0ML/L: Oxygen, SBE 43 [ml/l]
# name 8 = turbWETntu0: Turbidity, WET Labs ECO [NTU]
# name 9 = flag:  0.000e+00
# span 0 =  30.373061,  30.379120                 
# span 1 =    10.5147,    10.5246                 
# span 2 =     0.3469,     0.6367                 
# span 3 = 5.6266e+00, 6.7356e+01                 
# span 4 =       1471,       3565                 
# span 5 =      1.474,     11.800                 
# span 6 =  37.270478,  37.334670                 
# span 7 =     6.0339,     6.1095                 
# span 8 =     2.5525,     3.1298                 
# span 9 = 0.0000e+00, 0.0000e+00                 
# interval = seconds: 0.25
# start_time = Jan 30 2024 08:51:05 [Instrument's time stamp, header]
# bad_flag = -9.990e-29
*END*
[from data line 865]
  30.375564    10.5204     0.4407 4.2991e+01       2336      3.759  37.289091     6.0830     2.7616  0.000e+00
  30.375567    10.5202     0.4398 4.2390e+01       2337      3.774  37.288431     6.0845     2.7616  0.000e+00
  30.375570    10.5198     0.4389 4.1848e+01       2338      3.794  37.287969     6.0916     2.7607  0.000e+00
  30.375573    10.5194     0.4462 4.1365e+01       2339      3.818  37.287969     6.0942     2.7439  0.000e+00
  30.375576    10.5190     0.4398 4.1292e+01       2340      3.841  37.287771     6.1037     2.7465  0.000e+00
  30.375579    10.5186     0.4403 4.1584e+01       2341      3.859  37.287771     6.1022     2.7447  0.000e+00
  30.375582    10.5183     0.4439 4.1790e+01       2342      3.867  37.287507     6.0995     2.7450  0.000e+00
  30.375584    10.5179     0.4009 4.2308e+01       2343      3.863  37.287309     6.0997     2.8074  0.000e+00
  30.375587    10.5179     0.3995 4.2293e+01       2344      3.844  37.287507     6.1038     2.8063  0.000e+00
  30.375590    10.5179     0.4046 4.2547e+01       2345      3.817  37.287969     6.1015     2.8074  0.000e+00
  30.375593    10.5180     0.4087 4.2637e+01       2346      3.786  37.288695     6.0982     2.8065  0.000e+00
  30.375596    10.5186     0.4215 4.2367e+01       2347      3.755  37.288893     6.1020     2.6887  0.000e+00
  30.375599    10.5190     0.4174 4.2667e+01       2348      3.732  37.288893     6.1001     2.6893  0.000e+00
  30.375602    10.5193     0.4179 4.2923e+01       2349      3.720  37.289091     6.1000     2.6879  0.000e+00
  30.375605    10.5197     0.4124 4.3264e+01       2350      3.719  37.288893     6.0994     2.6880  0.000e+00
  30.375608    10.5197     0.4238 4.2809e+01       2351      3.727  37.288431     6.0976     2.7183  0.000e+00
  30.375611    10.5195     0.4261 4.2855e+01       2352      3.737  37.288431     6.0947     2.7189  0.000e+00
  30.375613    10.5191     0.4275 4.3180e+01       2353      3.748  37.288695     6.0946     2.7189  0.000e+00
  30.375616    10.5192     0.4252 4.3142e+01       2354      3.754  37.288893     6.0947     2.7187  0.000e+00
  30.375619    10.5193     0.4265 4.2779e+01       2355      3.752  37.288695     6.0943     2.7190  0.000e+00
  30.375622    10.5193     0.4320 4.2502e+01       2356      3.746  37.288695     6.0901     2.7901  0.000e+00
  30.375625    10.5193     0.4320 4.2419e+01       2357      3.735  37.288893     6.0895     2.7901  0.000e+00
  30.375628    10.5194     0.4307 4.2494e+01       2358      3.720  37.289091     6.0848     2.7898  0.000e+00
  30.375631    10.5195     0.4334 4.2659e+01       2359      3.704  37.289091     6.0841     2.7895  0.000e+00
  30.375634    10.5198     0.4284 4.3036e+01       2360      3.688  37.289553     6.0880     2.7892  0.000e+00
  30.375637    10.5203     0.4224 4.3739e+01       2361      3.672  37.289553     6.0872     2.7907  0.000e+00
  30.375639    10.5204     0.4238 4.4996e+01       2362      3.657  37.289553     6.0896     2.7898  0.000e+00
  30.375642    10.5204     0.4256 4.4688e+01       2363      3.642  37.290015     6.0921     2.7888  0.000e+00
  30.375645    10.5204     0.4320 4.3800e+01       2364      3.630  37.290279     6.0907     2.7253  0.000e+00
  30.375648    10.5208     0.4362 4.3294e+01       2365      3.626  37.290015     6.0960     2.7238  0.000e+00
  30.375651    10.5211     0.4325 4.2908e+01       2366      3.631  37.289817     6.0936     2.7265  0.000e+00
  30.375654    10.5209     0.4371 4.3608e+01       2367      3.648  37.289553     6.0947     2.7251  0.000e+00
  30.375657    10.5207     0.4833 4.4117e+01       2368      3.676  37.288893     6.0901     2.7852  0.000e+00
  30.375660    10.5202     0.4824 4.3135e+01       2369      3.709  37.288893     6.0888     2.7862  0.000e+00
  30.375663    10.5198     0.4824 4.2390e+01       2370      3.743  37.288431     6.0915     2.7845  0.000e+00
  30.375666    10.5193     0.4842 4.2419e+01       2371      3.774  37.287969     6.0906     2.7866  0.000e+00
  30.375668    10.5190     0.4792 4.1804e+01       2372      3.800  37.287771     6.0934     2.7851  0.000e+00
  30.375671    10.5186     0.4275 4.1489e+01       2373      3.819  37.287969     6.0902     2.8847  0.000e+00
  30.375674    10.5184     0.4252 4.1445e+01       2374      3.831  37.287507     6.0873     2.8857  0.000e+00
  30.375677    10.5183     0.4252 4.1474e+01       2375      3.836  37.287771     6.0817     2.8846  0.000e+00
  30.375680    10.5183     0.4238 4.2055e+01       2376      3.834  37.287771     6.0749     2.8864  0.000e+00
  30.375683    10.5183     0.4330 4.2092e+01       2377      3.830  37.287771     6.0716     2.9293  0.000e+00
  30.375686    10.5182     0.4343 4.1930e+01       2378      3.823  37.287969     6.0661     2.9288  0.000e+00
  30.375689    10.5183     0.4320 4.1628e+01       2379      3.817  37.287507     6.0664     2.9282  0.000e+00
  30.375692    10.5182     0.4316 4.1878e+01       2380      3.814  37.287771     6.0689     2.9288  0.000e+00
  30.375694    10.5183     0.3872 4.2048e+01       2381      3.817  37.288431     6.0717     2.7076  0.000e+00
  30.375697    10.5186     0.3849 4.1643e+01       2382      3.826  37.287771     6.0737     2.7115  0.000e+00
  30.375700    10.5185     0.3904 4.1474e+01       2383      3.844  37.287309     6.0794     2.7096  0.000e+00
  30.375703    10.5182     0.3835 4.1220e+01       2384      3.866  37.287045     6.0814     2.7114  0.000e+00
  30.375706    10.5179     0.4764 4.0665e+01       2385      3.892  37.286847     6.0864     2.9383  0.000e+00
  30.375709    10.5177     0.4783 4.0174e+01       2386      3.915  37.286649     6.0910     2.9391  0.000e+00
  30.375712    10.5177     0.4774 4.0372e+01       2387      3.930  37.286649     6.0896     2.9383  0.000e+00
  30.375715    10.5176     0.4774 4.0636e+01       2388      3.937  37.286649     6.0888     2.9389  0.000e+00
  30.375718    10.5176     0.4778 4.0866e+01       2389      3.930  37.287045     6.0865     2.9391  0.000e+00
  30.375720    10.5176     0.4082 4.1621e+01       2390      3.911  37.287045     6.0832     2.7570  0.000e+00
  30.375723    10.5176     0.4146 4.1540e+01       2391      3.880  37.287507     6.0811     2.7575  0.000e+00
  30.375726    10.5181     0.4124 4.1591e+01       2392      3.843  37.288893     6.0808     2.7573  0.000e+00
  30.375729    10.5189     0.4101 4.1989e+01       2393      3.804  37.289817     6.0767     2.7570  0.000e+00
  30.375732    10.5199     0.4719 4.2592e+01       2394      3.768  37.289817     6.0765     2.6923  0.000e+00
  30.375735    10.5204     0.4755 4.3394e+01       2395      3.743  37.290015     6.0720     2.6923  0.000e+00
  30.375738    10.5207     0.4783 4.3478e+01       2396      3.733  37.290279     6.0643     2.6938  0.000e+00
  30.375741    10.5209     0.4764 4.3249e+01       2397      3.739  37.289553     6.0614     2.6934  0.000e+00
  30.375744    10.5209     0.3908 4.3021e+01       2398      3.759  37.289553     6.0647     2.6815  0.000e+00
  30.375747    10.5207     0.3918 4.2390e+01       2399      3.789  37.287771     6.0638     2.6818  0.000e+00
  30.375749    10.5201     0.3853 4.2419e+01       2400      3.824  37.286385     6.0631     2.6800  0.000e+00
  30.375752    10.5189     0.3881 4.2330e+01       2401      3.859  37.285725     6.0696     2.6804  0.000e+00
  30.375755    10.5178     0.4439 4.1709e+01       2402      3.887  37.284339     6.0755     2.8277  0.000e+00
  30.375758    10.5168     0.4485 4.1285e+01       2403      3.908  37.284603     6.0824     2.8284  0.000e+00
  30.375761    10.5162     0.4499 4.1767e+01       2404      3.916  37.284801     6.0891     2.8286  0.000e+00
  30.375764    10.5160     0.4449 4.2048e+01       2405      3.912  37.284999     6.0920     2.8281  0.000e+00
  30.375767    10.5159     0.4504 4.2196e+01       2406      3.891  37.285263     6.0951     2.8287  0.000e+00
  30.375770    10.5161     0.4476 4.2218e+01       2407      3.861  37.285725     6.0991     2.8176  0.000e+00
  30.375773    10.5162     0.4471 4.2502e+01       2408      3.821  37.286847     6.0909     2.8188  0.000e+00
  30.375775    10.5171     0.4504 4.3455e+01       2409      3.777  37.287771     6.0892     2.8173  0.000e+00
  30.375778    10.5179     0.4444 4.3916e+01       2410      3.731  37.288431     6.0871     2.8185  0.000e+00
  30.375781    10.5188     0.4311 4.4790e+01       2411      3.691  37.288695     6.0835     2.6447  0.000e+00
  30.375784    10.5194     0.4302 4.4735e+01       2412      3.656  37.288695     6.0829     2.6453  0.000e+00
  30.375787    10.5197     0.4307 4.4688e+01       2413      3.629  37.289091     6.0836     2.6438  0.000e+00
  30.375790    10.5202     0.4320 4.5266e+01       2414      3.606  37.288892     6.0817     2.6455  0.000e+00
  30.375793    10.5204     0.4352 4.6013e+01       2415      3.589  37.288892     6.0836     2.6951  0.000e+00
  30.375796    10.5203     0.4311 4.6199e+01       2416      3.576  37.288892     6.0859     2.6955  0.000e+00
  30.375799    10.5203     0.4311 4.5891e+01       2417      3.565  37.288430     6.0822     2.6948  0.000e+00
  30.375802    10.5202     0.4330 4.6021e+01       2418      3.559  37.287968     6.0847     2.6958  0.000e+00
  30.375804    10.5199     0.4334 4.6264e+01       2419      3.558  37.287770     6.0887     2.6945  0.000e+00
  30.375807    10.5197     0.5044 4.6037e+01       2420      3.563  37.287770     6.0945     2.8330  0.000e+00
  30.375810    10.5195     0.5108 4.5610e+01       2421      3.575  37.287770     6.0968     2.8327  0.000e+00
  30.375813    10.5192     0.5039 4.5123e+01       2422      3.595  37.287506     6.1017     2.8338  0.000e+00
  30.375816    10.5192     0.5039 4.5218e+01       2423      3.623  37.287506     6.0987     2.8321  0.000e+00
  30.375819    10.5190     0.3895 4.5012e+01       2424      3.657  37.287308     6.1019     2.7358  0.000e+00
  30.375822    10.5188     0.3922 4.4719e+01       2425      3.695  37.287309     6.1008     2.7347  0.000e+00
  30.375825    10.5189     0.3858 4.4001e+01       2426      3.734  37.287507     6.0983     2.7344  0.000e+00
  30.375828    10.5190     0.3899 4.3294e+01       2427      3.772  37.287507     6.0936     2.7353  0.000e+00
  30.375830    10.5189     0.4549 4.2968e+01       2428      3.806  37.286847     6.0908     2.8414  0.000e+00
  30.375833    10.5187     0.4540 4.2322e+01       2429      3.837  37.286847     6.0887     2.8417  0.000e+00
  30.375836    10.5185     0.4536 4.1562e+01       2430      3.861  37.286847     6.0928     2.8426  0.000e+00
  30.375839    10.5183     0.4549 4.1089e+01       2431      3.875  37.286847     6.0935     2.8434  0.000e+00
  30.375842    10.5182     0.4476 4.1599e+01       2432      3.879  37.286649     6.0900     2.8443  0.000e+00
  30.375845    10.5179     0.4517 4.2517e+01       2433      3.870  37.286385     6.0916     2.8448  0.000e+00
  30.375848    10.5178     0.4458 4.2953e+01       2434      3.846  37.286385     6.0932     2.8449  0.000e+00
  30.375851    10.5176     0.4490 4.3570e+01       2435      3.810  37.287309     6.0956     2.8445  0.000e+00
  30.375854    10.5179     0.4471 4.3939e+01       2436      3.762  37.287771     6.0953     2.8451  0.000e+00
  30.375856    10.5186     0.4645 4.4017e+01       2437      3.711  37.287309     6.0968     2.8022  0.000e+00
  30.375859    10.5188     0.4618 4.5154e+01       2438      3.663  37.287507     6.0986     2.8022  0.000e+00
  30.375862    10.5191     0.4655 4.5234e+01       2439      3.630  37.287969     6.0970     2.8025  0.000e+00
  30.375865    10.5193     0.4659 4.4554e+01       2440      3.623  37.287308     6.0952     2.8022  0.000e+00
  30.375868    10.5193     0.4087 4.4040e+01       2441      3.648  37.286384     6.0950     2.7839  0.000e+00
  30.375871    10.5188     0.4137 4.4234e+01       2442      3.698  37.285922     6.0851     2.7834  0.000e+00
  30.375874    10.5182     0.4096 4.4071e+01       2443      3.764  37.285263     6.0825     2.7820  0.000e+00
  30.375877    10.5179     0.4114 4.3723e+01       2444      3.832  37.284603     6.0818     2.7827  0.000e+00
  30.375880    10.5175     0.4188 4.2991e+01       2445      3.894  37.284141     6.0812     2.8084  0.000e+00
  30.375883    10.5171     0.4197 4.1731e+01       2446      3.945  37.283415     6.0826     2.8087  0.000e+00
  30.375885    10.5168     0.4229 4.1256e+01       2447      3.982  37.283679     6.0794     2.8089  0.000e+00
  30.375888    10.5167     0.4160 4.1133e+01       2448      4.002  37.283679     6.0802     2.8084  0.000e+00
  30.375891    10.5165     0.4540 4.1256e+01       2449      4.007  37.283415     6.0792     2.8702  0.000e+00
  30.375894    10.5166     0.4540 4.1767e+01       2450      3.997  37.284141     6.0807     2.8712  0.000e+00
  30.375897    10.5167     0.4522 4.2472e+01       2451      3.975  37.284999     6.0836     2.8705  0.000e+00
  30.375900    10.5170     0.4558 4.3066e+01       2452      3.944  37.286385     6.0885     2.8702  0.000e+00
  30.375903    10.5178     0.4549 4.3654e+01       2453      3.908  37.286847     6.0831     2.8695  0.000e+00
  30.375906    10.5184     0.3931 4.3885e+01       2454      3.871  37.287045     6.0856     2.6763  0.000e+00
  30.375909    10.5189     0.3945 4.4523e+01       2455      3.839  37.287309     6.0863     2.6774  0.000e+00
  30.375911    10.5191     0.3982 4.5043e+01       2456      3.815  37.287507     6.0893     2.6775  0.000e+00
  30.375914    10.5195     0.3931 4.5146e+01       2457      3.800  37.287507     6.0908     2.6769  0.000e+00
  30.375917    10.5197     0.3831 4.5210e+01       2458      3.796  37.287507     6.0909     2.6407  0.000e+00
  30.375920    10.5196     0.3840 4.5266e+01       2459      3.799  37.286847     6.0908     2.6397  0.000e+00
  30.375923    10.5193     0.3849 4.5194e+01       2460      3.806  37.286385     6.0962     2.6392  0.000e+00
  30.375926    10.5188     0.3821 4.4940e+01       2461      3.813  37.286385     6.0938     2.6400  0.000e+00
  30.375929    10.5186     0.4389 4.4492e+01       2462      3.814  37.286385     6.0984     2.7053  0.000e+00
  30.375932    10.5183     0.4398 4.4980e+01       2463      3.808  37.286385     6.0997     2.7047  0.000e+00
  30.375935    10.5181     0.4380 4.5843e+01       2464      3.795  37.286187     6.0966     2.7050  0.000e+00
  30.375937    10.5180     0.4403 4.6224e+01       2465      3.772  37.286385     6.1004     2.7050  0.000e+00
  30.375940    10.5180     0.4485 4.6159e+01       2466      3.742  37.286385     6.0974     2.6644  0.000e+00
  30.375943    10.5183     0.4490 4.6216e+01       2467      3.708  37.286649     6.0952     2.6659  0.000e+00
  30.375946    10.5182     0.4467 4.6641e+01       2468      3.675  37.286384     6.0932     2.6652  0.000e+00
  30.375949    10.5182     0.4504 4.7544e+01       2469      3.645  37.286384     6.0940     2.6645  0.000e+00
  30.375952    10.5179     0.4449 4.8175e+01       2470      3.626  37.286648     6.0856     2.6642  0.000e+00
  30.375955    10.5179     0.3771 4.8032e+01       2471      3.614  37.286648     6.0837     2.7900  0.000e+00
  30.375958    10.5180     0.3753 4.7703e+01       2472      3.615  37.286648     6.0848     2.7897  0.000e+00
  30.375961    10.5181     0.3730 4.7393e+01       2473      3.625  37.286648     6.0816     2.7889  0.000e+00
  30.375964    10.5180     0.3744 4.7628e+01       2474      3.643  37.286384     6.0831     2.7898  0.000e+00
  30.375966    10.5176     0.4275 4.7260e+01       2475      3.665  37.285922     6.0845     2.8153  0.000e+00
  30.375969    10.5175     0.4261 4.6370e+01       2476      3.688  37.285923     6.0849     2.8156  0.000e+00
  30.375972    10.5173     0.4224 4.6395e+01       2477      3.711  37.285923     6.0857     2.8167  0.000e+00
  30.375975    10.5172     0.4256 4.6444e+01       2478      3.729  37.286187     6.0889     2.8171  0.000e+00
  30.375978    10.5169     0.4558 4.6526e+01       2479      3.739  37.285923     6.0950     2.8065  0.000e+00
